1	0	
	0	0	0	0	0	0	0	0	0	0	0
1	1	C	9	0	8	0	0	0	0	0	0	0	0
1	2	G	9	0	0	9	0	1	0	0	0	0	0
1	3	C	9	0	9	0	0	0	0	0	0	0	0
1	4	A	9	9	0	0	0	0	0	0	0	0	0
1	5	A	9	9	0	0	0	0	0	0	0	0	0
1	6	A	9	9	0	0	0	0	0	0	0	0	0
1	7	T	9	0	0	0	9	0	0	0	0	0	0
1	8	G	9	0	0	8	0	0	1	0	0	0	0
1	9	A	9	9	0	0	0	0	0	0	0	0	0
1	10	C	9	0	9	0	0	0	0	0	0	0	0
1	11	T	9	0	0	0	9	0	0	0	0	0	0
1	12	T	9	0	0	0	9	0	0	0	0	0	0
1	13	G	9	0	0	9	0	0	0	0	0	0	0
1	14	C	9	0	9	0	0	0	0	0	0	0	0
1	15	T	9	0	0	0	9	0	0	0	0	0	0
1	16	A	9	9	0	0	0	0	0	0	0	0	0
1	17	T	9	0	0	0	9	0	0	0	0	0	0
1	18	T	9	0	0	0	9	0	0	0	0	0	0
1	19	A	9	9	0	0	0	0	0	0	0	0	0
1	20	T	9	0	0	0	9	0	0	0	0	0	0
1	21	T	9	0	0	0	9	0	0	0	0	0	0
1	22	G	9	0	0	9	0	0	0	0	0	0	0
1	23	A	9	9	0	0	0	0	0	0	0	0	0
1	24	T	9	0	0	0	9	0	0	0	0	0	0
1	25	G	9	0	0	9	0	0	0	0	0	0	0
1	26	G	9	0	0	9	0	0	0	0	0	0	0
1	27	C	9	0	9	0	0	0	0	0	0	0	0
1	28	A	9	9	0	0	0	0	0	0	0	0	0
1	29	A	9	9	0	0	0	0	0	0	0	0	0
1	30	A	9	9	0	0	0	0	0	0	0	0	0
1	31	T	9	0	0	0	9	0	0	0	0	0	0
1	32	A	9	8	0	1	0	0	0	0	0	0	0
1	33	C	9	0	9	0	0	0	0	0	0	0	0
1	34	A	9	9	0	0	0	0	0	0	0	0	0
1	35	C	9	0	9	0	0	0	0	0	0	0	0
1	36	A	9	9	0	0	0	0	0	0	0	0	0
1	37	G	9	0	0	9	0	0	0	0	0	0	0
1	38	A	9	9	0	0	0	0	0	0	0	0	0
1	39	G	9	0	0	9	0	0	0	0	0	0	0
1	40	G	9	0	0	9	0	0	0	0	0	0	0
1	41	A	9	9	0	0	0	0	0	0	0	0	0
1	42	A	9	9	0	0	0	0	0	0	0	0	0
1	43	G	9	0	0	9	0	0	0	0	0	0	0
1	44	C	9	0	9	0	0	0	0	0	0	0	0
1	45	C	9	0	9	0	0	0	0	0	0	0	0
1	46	T	9	0	0	0	9	0	0	0	0	0	0
1	47	T	9	0	0	0	9	0	0	0	0	0	0
1	48	C	9	0	9	0	0	0	0	0	0	0	0
1	49	G	9	0	0	9	0	0	0	0	0	0	0
1	50	C	9	0	9	0	0	0	0	0	0	0	0
1	51	C	9	0	9	0	0	0	0	0	0	0	0
1	52	T	9	0	0	0	9	0	0	0	0	0	0
1	53	G	9	0	0	9	0	0	0	0	0	0	0
1	54	T	9	0	0	0	9	0	0	0	0	0	0
1	55	C	9	0	9	0	0	0	0	0	0	0	0
1	56	C	9	0	9	0	0	0	0	0	0	0	0
1	57	T	9	0	0	0	9	0	0	0	0	0	0
1	58	C	9	0	9	0	0	0	0	0	0	0	0
1	59	A	9	9	0	0	0	0	0	0	0	0	0
1	60	T	9	0	0	0	9	0	0	0	0	0	0
1	61	G	9	0	0	9	0	0	0	0	0	0	0
1	62	T	9	0	0	0	9	0	0	0	0	0	0
1	63	A	9	9	0	0	0	0	0	0	0	0	0
1	64	T	9	0	0	0	9	0	0	0	0	0	0
1	65	T	9	0	0	0	9	0	0	0	0	0	0
1	66	G	9	0	0	9	0	0	0	0	0	0	0
1	67	G	9	0	0	9	0	0	0	0	0	0	0
1	68	T	9	0	0	0	9	0	0	0	0	0	0
1	69	C	9	0	9	0	0	0	0	0	0	0	0
1	70	T	9	0	0	0	9	0	0	0	0	0	0
1	71	C	9	0	9	0	0	0	0	0	0	0	0
1	72	T	9	0	0	0	9	0	0	0	0	0	0
1	73	C	9	0	9	0	0	0	0	0	0	0	0
1	74	A	9	9	0	0	0	0	0	0	0	0	0
1	75	T	9	0	0	0	9	0	0	0	0	0	0
1	76	G	9	0	0	9	0	0	0	0	0	0	0
1	77	G	9	0	0	9	0	0	0	0	0	0	0
1	78	C	9	0	9	0	0	0	0	0	0	0	0
1	79	A	9	9	0	0	0	0	0	0	0	0	0
1	80	C	9	0	9	0	0	0	0	0	0	0	0
1	81	T	9	0	0	0	9	0	0	0	0	0	0
1	82	G	9	0	0	9	0	0	0	0	0	0	0
1	83	T	9	0	0	0	9	0	0	0	0	0	0
1	84	A	9	9	0	0	0	0	0	0	0	0	0
1	85	C	9	0	9	0	0	0	0	0	0	0	0
1	86	T	9	0	0	0	9	0	0	0	0	0	0
1	87	C	9	0	9	0	0	0	0	0	0	0	0
1	88	T	9	0	0	0	9	0	0	0	0	0	0
1	89	T	9	0	0	0	9	0	0	1	0	0	0
1	90	C	8	0	8	0	0	0	0	0	0	0	0
1	91	T	8	0	0	0	8	0	0	0	0	0	0
1	92	T	0	0	0	0	0	0	0	0	0	0	0
